**Everything here in microseconds

Real sampling time (30 samples)
__________________
945 
2000079 
4000506 
6003528 
8004519 
10004112 
12000621 
14003929 
16001274 
18000744 
20003193 
22000122 
24000016 
26003961 
28001766 
30000692 
32002017 
34020425 
36000250 
37999897 
40009028 
42094322 
44094382 
46099387 
48094432 
50095679 
52095925 
54094398 
56095699 
58097779 

Added in the queue after
________________________

1699408 
1705525 
1710847 
1711208 
1711496 
1711796 
1712084 
1712386 
1712674 
1909191 
1909244 
1909257 
1909270 
1909282 
1909294 
1909305 
1909317 
1909329 
1909341 
1923725 
1923773 
1923785 
1923797 
1923810 
1923821 
1923832 
1923844 
1923856 
1923868 
1923880 
1953706 
1953751 
1953763 
1953775 
1953787 
1953799 
1953812 
1953823 
1953835 
1953846 
1953859 
1943831 
1943881 
1943893 
1943905 
1943918 
1943930 
1943942 
1943954 
1943967 
1943980 
1943992 
1745282 
1745328 
1745340 
1745352 
1745366 
1745378 
1745390 
1745403 
1745415 
1745428 
1745440 
1962538 
1962584 
1962597 
1962609 
1962622 
1962634 
1962646 
1962658 
1962670 
1962682 
1962695 
1956194 
1956241 
1956254 
1956267 
1956279 
1956291 
1966052 
1966383 
1966700 
1966998 
1967266 
1990174 
1990221 
1990233 
1990245 
1990258 
1990270 
1990282 
1990294 
1990306 
1990319 
1990331 
1977304 
1977347 
1977360 
1977373 
1977385 
1977397 
1977409 
1991107 
1991409 
1991704 
1991974 
2179876 
2179920 
2179933 
2179946 
2179958 
2179971 
2179982 
2179995 
2180007 
2180020 
2180032 
1945566 
1945611 
1945624 
1945636 
1945648 
1945686 
1955727 
1956084 
1956361 
1956648 
1956925 
1951812 
1951888 
1951900 
1951912 
1951924 
1951937 
1951949 
1951960 
1951972 
1951984 
1951996 
1975064 
1975109 
1975121 
1975371 
1975715 
1976129 
1976455 
1976787 
1977128 
1977484 
1977804 
1764201 
1764244 
1764257 
1764269 
1764281 
1764293 
1764304 
1764316 
1764328 
1774336 
1774653 
1933526 
1933570 
1933608 
1933621 
1933633 
1933645 
1933658 
1933670 
1945066 
1945470 
1945745 
1950106 
1950151 
1950165 
1950176 
1950189 
1950201 
1950214 
1950226 
1950239 
1931502 
1931549 
1931562 
1942193 
1942699 
1943096 
1947988 
1948361 
1948692 
1940595 
1940640 
1940653 
1940665 
1940677 
1940689 
1940701 
1940713 
1940725 
1959145 
1959191 
1959203 
1959215 
1959227 
1959262 
1959273 
1959285 
1959298 
1937089 
1937135 
1937149 
1937161 
1937174 
1937186 
1937199 
1937211 
1937224 
1929311 
1929357 
1929370 
1929381 
1929394 
1929406 
1929419 
1929431 
1964329 
1964377 
1964389 
1964401 
1964414 
1974716 
1975029 
1975333 
1739964 
1740009 
1740022 
1740034 
1740046 
1740057 
1740070 
1740082 
1729319 
1729364 
1729378 
1729389 
1729424 
1729437 
1729449 
1729460 
1761302 
1761348 
1761360 
1761373 
1761386 
1761398 
1761410 
1761422 
2040576 
2040621 
2040634 
2040646 
2050827 
2051191 
2051471 
2051840 
2175727 
2175774 
2175787 
2175799 
2175811 
2175824 
2175836 
2189084 
2183569 
2183615 
2183629 
2183641 
2183653 
2183665 
2183678 
2194176 
2256345 
2269185 
2269486 
2270001 
2270281 
2270617 
2271376 
2271682 



full sleep Time = 5653372

real	1m 0.01s
user	0m 0.48s
sys	0m 39.76s

