**Everything here in microseconds

Real sampling time (30 samples)
__________________
813 
3000228 
6000037 
9000092 
12000140 
15000209 
18000248 
21001314 
24002914 
27001223 
30001639 
33000721 
36001026 
39000633 
42004304 
45000414 
48000948 
51000714 
54000761 
57005031 
60005432 
63002070 
66002467 
69000612 
72003380 
75000595 
78000517 
81000435 
84021718 
87003922

Added in the queue after
________________________
1702232 
1702313 
1702325 
1702337 
1702349 
1702361 
1702373 
1702386 
1702399 
1703849 
1703899 
1703912 
1703924 
1703936 
1703947 
1703960 
1703972 
1933384 
1933437 
1933450 
1933462 
1933474 
1933486 
1933498 
1933510 
1933522 
1706785 
1706839 
1706852 
1706865 
1706876 
1706888 
1720653 
1721444 
1722001 
1722449 
1713911 
1713963 
1713977 
1713989 
1714001 
1714035 
1714048 
1714061 
1714073 
1714086 
1925434 
1925481 
1925494 
1925506 
1925518 
1925531 
1925543 
1925555 
1925568 
1925580 
1743201 
1743246 
1743260 
1743272 
1743284 
1743297 
1743310 
1743322 
1743335 
1743347 
1732575 
1732621 
1732634 
1732646 
1732659 
1732671 
1732683 
1732695 
1732708 
1732720 
1770252 
1770298 
1770312 
1770325 
1770337 
1770349 
1770385 
1770397 
1770409 
1770422 
1766470 
1766583 
1766598 
1766611 
1766623 
1766636 
1766649 
1766661 
1766674 
1778690 
1749320 
1749366 
1749380 
1749392 
1749404 
1749417 
1749430 
1749443 
1749454 
1749468 
1989320 
1989367 
1989379 
1989392 
1989404 
1989417 
1989430 
1989442 
1989454 
1989467 
1936983 
1937032 
1937045 
1937058 
1937071 
1937084 
1937096 
1937140 
1937152 
1937165 
1994287 
1994334 
1994348 
1994360 
1994372 
1994384 
1994397 
1994409 
1994421 
2004765 
1743317 
1743364 
1743378 
1743390 
1743402 
1743415 
1743428 
1743440 
1743453 
1743466 
1763006 
1763053 
1763066 
1763079 
1763091 
1763104 
1763117 
1763129 
1763142 
1944765 
1944812 
1944826 
1944838 
1954934 
1955263 
1955534 
1955815 
1956085 
1980414 
1980460 
1980473 
1980485 
1980497 
1980509 
1980522 
1980534 
1980546 
1971824 
1971871 
1971884 
1971896 
1971909 
1971923 
1971935 
1971948 
1971960 
1995636 
1995681 
1995695 
1995707 
1995720 
1995732 
1995745 
1995757 
1746581 
1746630 
1746642 
1746654 
1756966 
1757293 
1757564 
1757850 
1958957 
1959004 
1959017 
1959030 
1959042 
1959055 
1959068 
1959101 
1986220 
1986267 
1986281 
1986293 
1986305 
1986316 
1986329 
1986341 
2001855 
2001901 
2001913 
2001926 
2001939 
2001952 
2001965 
2001977 
2463890 
2463937 
2463950 
2463963 
2463975 
2463987 
2464000 
2464012 
1986643 
1986689 
1986702 
1986715 
1986727 
1986739 
1986751 
1986764 
1704231 
1704283 
1704296 
1704308 
1704320 
1704332 
1704344 
1704356 
2002928 
2002975 
2002988 
2015525 
2016368 
2016962 
2017269 
2017560 
2017832 
1959099 
1959145 
1959158 
1959170 
1959182 
1959195 
1959207 
1959220 
1959233 
1966115 
1966162 
1966175 
1966187 
1966199 
1966211 
1966224 
1966237 
1966250 



full sleep Time = 31162605
real	1m 29.99s
user	0m 0.78s
sys	1m 1.34s

