**Everything here in microseconds

Real sampling time (30 samples)
__________________
825 
4000212 
8000219 
12000063 
16000233 
20000179 
24000212 
28000204 
32000349 
36002551 
40001844 
44013661 
47989919 
52001174 
56000529 
60004786 
64015739 
67999627 
72003638 
76000941 
80008931 
84000258 
88004074 
92005002 
96022783 
99980882 
104003948 
108000614 
112001113 
116002408 

Added in the queue after
________________________

1705792 
1713364 
1713662 
1713982 
1714429 
1714755 
1715022 
1715309 
1716352 
1717172 
1717486 
1708617 
1708667 
1708681 
1708693 
1708704 
1708716 
1708727 
1708739 
2119231 
2119284 
2119297 
2119309 
2119321 
2119333 
2119345 
2119356 
2119369 
1906955 
1913018 
1913314 
1913633 
1913907 
1914187 
1914452 
1914732 
1915002 
1915283 
1907700 
1914741 
1915057 
1915428 
1915720 
1916001 
1916267 
1916549 
1916817 
1917171 
1706920 
1706972 
1706985 
1706997 
1707009 
1707021 
1707034 
1707046 
1707059 
1707070 
1702451 
1702503 
1702517 
1702529 
1702540 
1702553 
1702564 
1702576 
1702589 
1702600 
1725777 
1738307 
1738337 
1738351 
1738363 
1738374 
1738386 
1738399 
1738413 
1738426 
1738439 
1726559 
1726605 
1726618 
1726659 
1726671 
1726683 
1726695 
1726708 
1737787 
1738187 
1738501 
1733392 
1733438 
1733451 
1733463 
1733476 
1733488 
1733500 
1733512 
1733523 
1733536 
1943045 
1943090 
1943104 
1943117 
1943129 
1943141 
1943153 
1943166 
1943178 
1943192 
2218187 
2218233 
2218247 
2218261 
2218273 
2218285 
2218297 
2218309 
2218322 
2218335 
1979196 
1979243 
1979255 
1979295 
1979307 
1992280 
1992747 
1993055 
1993336 
1993629 
2043362 
2043404 
2043417 
2043430 
2043441 
2043453 
2043464 
2043477 
2043489 
2043501 
1958930 
1959264 
1959531 
1959842 
1960260 
1960578 
1960844 
1961123 
1961396 
1961678 
2058277 
2058323 
2058337 
2058350 
2058362 
2058374 
2059697 
2060018 
2060285 
1761802 
1761845 
1761857 
1761870 
1761881 
1761919 
1761932 
1761945 
1761956 
2073991 
2074038 
2074051 
2074064 
2074077 
2074088 
2074101 
2074113 
1976261 
1976306 
1976319 
1976331 
1976344 
1976356 
1976369 
1978357 
1978403 
1990688 
1991086 
1991481 
1991822 
1992109 
1770233 
1770568 
1770849 
1771178 
1771467 
1771758 
1974144 
1974189 
1974202 
1974215 
1974228 
1974240 
1974251 
1984312 
1984356 
1984392 
1984405 
1984417 
1984430 
1984442 
1991218 
2002068 
2002363 
2002682 
2002956 
2003232 
2003497 
2003773 
2004037 
1999394 
1999440 
1999453 
1999465 
1999477 
1999490 
1999502 
1999514 
1999526 
1736221 
1736271 
1736284 
1736296 
1736308 
1736320 
1736333 
1736347 
1736359 
2158007 
2158051 
2158065 
2158077 
2158089 
2158102 
2158114 
2158127 
2158140 
1778378 
1778424 
1778437 
1778449 
1778461 
1778473 
1778486 
1778499 
1778511 
1989296 
1989344 
1989357 
1989370 
1989382 
1989394 
1989407 
1989419 
1989432 
2039366 
2039412 
2039424 
2039437 
2039450 
2039462 
2039474 
2039488 
2039500 


full sleep Time = 61675025
real	2m 0.01s
user	0m 0.74s
sys	1m 16.70s
