**Everything here in microseconds

Real sampling time (30 samples)
__________________
873 
10000172 
20000149 
30000287 
40000082 
50000163 
60000184 
70000139 
80000172 
90000122 
100000172 
110000153 
120000179 
130000141 
140000283 
150000103 
160000204 
170000150 
180000586 
190000177 
200000173 
210000555 
219999822 
230000110 
240000195 
250000221 
260005448 
270000202 
280000207 
290000543 

Added in the queue after
________________________

1701028 
1701112 
1701126 
1701138 
1701150 
1701161 
1701174 
1701186 
1700687 
1700732 
1700745 
1700758 
1700769 
1700781 
1700793 
1700805 
1702976 
1703028 
1703041 
1703053 
1703066 
1703078 
1703090 
1703102 
1703114 
1702715 
1702768 
1702781 
1702794 
1702806 
1702818 
1702830 
1702842 
1702854 
1703303 
1703354 
1703367 
1703379 
1703391 
1703403 
1703416 
1703451 
1703463 
1702803 
1702853 
1702867 
1702879 
1702891 
1702903 
1702915 
1702927 
1702939 
1701835 
1701881 
1701894 
1701907 
1701919 
1701931 
1701943 
1701955 
1701968 
1701980 
1701955 
1702000 
1702013 
1702025 
1702037 
1702050 
1702062 
1702074 
1702086 
1702098 
1702114 
1702159 
1702173 
1702185 
1702197 
1702209 
1702221 
1702234 
1702245 
1702257 
1702298 
1703656 
1703703 
1703717 
1703729 
1703741 
1703753 
1703766 
1703778 
1703791 
1703803 
1704234 
1704282 
1704297 
1704310 
1704322 
1704334 
1704347 
1704358 
1704370 
1704382 
1704395 
1704511 
1704558 
1704571 
1704584 
1704595 
1704607 
1704620 
1704633 
1704645 
1704657 
1704669 
1704682 
1704491 
1704540 
1704553 
1704566 
1704579 
1704590 
1704604 
1704638 
1704651 
1704663 
1704676 
1704688 
1704494 
1704542 
1704556 
1704568 
1704579 
1704592 
1704604 
1704617 
1704628 
1704640 
1704652 
1704664 
1714491 
1714541 
1714554 
1714567 
1714579 
1714592 
1714604 
1714617 
1714629 
1714642 
1714655 
1714667 
1703622 
1703671 
1703684 
1703696 
1703708 
1703721 
1703734 
1703746 
1703758 
1703771 
1701463 
1701509 
1701551 
1701563 
1701575 
1701588 
1701600 
1701612 
1701624 
1701636 
1703454 
1703503 
1703517 
1703530 
1703542 
1703555 
1703567 
1703580 
1703593 
1703605 
1701172 
1701217 
1701231 
1701243 
1701255 
1701268 
1701281 
1701293 
1701305 
1700949 
1700995 
1701009 
1701022 
1701034 
1701046 
1701058 
1701069 
1701082 
1703608 
1703658 
1703671 
1703684 
1703695 
1703730 
1703742 
1703754 
1703766 
1703779 
1703354 
1703403 
1703416 
1703429 
1703441 
1703454 
1703466 
1703478 
1703491 
1703503 
1703240 
1703289 
1703302 
1703315 
1703327 
1703339 
1703352 
1703363 
1703374 
1703387 
1703270 
1703319 
1703332 
1703345 
1703356 
1703369 
1703381 
1703393 
1703405 
1703418 
1701090 
1701136 
1701149 
1701160 
1701172 
1701185 
1701219 
1701231 
1701243 
1704194 
1704243 
1704256 
1704268 
1704281 
1704294 
1704306 
1704319 
1704331 
1704344 
1704356 
1722333 
1722377 
1722390 
1722403 
1722415 
1722428 
1722440 
1722452 
1722464 
1722476 
1722488 
1702982 
1703029 
1703043 
1703055 
1703067 
1703080 
1703093 
1703105 
1703117 
1703129 
1703141 
1703154 
1743020 
1743065 
1743078 
1743091 
1743125 
1743137 
1743151 
1743163 
1743175 
1743187 
1743200 
1743212 
1944306 
1944350 
1944363 
1944376 
1944387 
1944399 
1944412 
1944424 
1944436 
1944449 


full sleep Time = 243102472
real	5m 0.01s
user	0m 1.09s
sys	2m 16.21s
