**Everything here in microseconds

Real sampling time (30 samples)
__________________
817 
8000215 
16000179 
24000132 
32000232 
40000140 
48000183 
56000153 
64000152 
72000184 
80000165 
88000197 
96000156 
104000188 
112000195 
120000180 
128000979 
136000172 
144011812 
151989887 
160002333 
168000335 
175999845 
184002632 
192003378 
200021206 
207980331 
216003071 
224018042 
232000428 

Added in the queue after
________________________
1705812 
1713552 
1713880 
1714211 
1714745 
1715071 
1715339 
1715625 
1715903 
1716187 
1711144 
1711195 
1711208 
1711220 
1711232 
1711244 
1711256 
1711268 
1711278 
1700883 
1700932 
1700945 
1700957 
1700969 
1700980 
1700992 
1701004 
1701015 
1701028 
1712642 
1712694 
1712707 
1712719 
1712732 
1712744 
1712757 
1712769 
1712781 
1725358 
1910402 
1910454 
1910491 
1910503 
1910515 
1910527 
1910540 
1910552 
1910564 
1910576 
1912794 
1912843 
1912856 
1912869 
1912881 
1912892 
1912905 
1912917 
1926125 
1927153 
1698310 
1698359 
1698372 
1698384 
1698396 
1698408 
1698420 
1698432 
1698443 
1698456 
1911958 
1912008 
1912021 
1912033 
1912045 
1912058 
1912071 
1912084 
1912095 
1697540 
1697582 
1697595 
1697607 
1697652 
1697664 
1697677 
1697689 
1697702 
1719085 
1719134 
1719146 
1719159 
1719172 
1719183 
1719195 
1719207 
1719220 
1698809 
1698858 
1698871 
1698883 
1698895 
1698907 
1698920 
1698932 
1698945 
1698958 
1698970 
1700137 
1700186 
1700200 
1700211 
1700224 
1700236 
1700249 
1700261 
1700273 
1700285 
1700297 
1912365 
1926232 
1926662 
1927046 
1927392 
1927768 
1928114 
1928514 
1928842 
1929179 
1929518 
1934413 
1735786 
1735828 
1735841 
1735853 
1735864 
1735877 
1735890 
1735902 
1735914 
1735926 
1735938 
1700668 
1700721 
1700734 
1700746 
1700759 
1700771 
1700784 
1700796 
1700808 
1700821 
1700833 
1700846 
1922715 
1936401 
1937047 
1937634 
1937965 
1938282 
1938597 
1938926 
1939228 
1939570 
1944696 
1945085 
1702431 
1702481 
1702494 
1702914 
1702939 
1702952 
1715536 
1715922 
1716454 
1717462 
1717812 
1701176 
1701225 
1701238 
1701250 
1701262 
1701274 
1701287 
1701298 
1701311 
1701323 
1701335 
1701347 
1718663 
1718710 
1718723 
1718736 
1718748 
1718760 
1718772 
1718784 
1718797 
1718809 
1718820 
1718833 
1748128 
1748174 
1748187 
1748199 
1748211 
1748245 
1748259 
1748271 
1748283 
1748296 
1926884 
1926930 
1926943 
1926955 
1926967 
1926979 
1926991 
1927003 
1927016 
1740285 
1740332 
1740344 
1740356 
1740368 
1740380 
1740391 
1740404 
1740415 
1804419 
1804466 
1804480 
1804491 
1804503 
1804515 
1804527 
1804539 
1804551 
1847986 
1848031 
1848043 
1848054 
1848066 
1848078 
1848091 
1848103 
1848114 
1948910 
1948955 
1948967 
1948979 
1948991 
1949003 
1949016 
1959832 
1960168 
1966968 
1967051 
1967064 
1967076 
1981561 
1981895 
1982166 
1982986 
1765880 
1765926 
1765938 
1765951 
1765963 
1765975 
1765987 
2236051 
2236096 
2236109 
2236121 
2236133 
2236146 
2236157 
2236169 
2162413 
2174714 
2175024 
2175366 
2175639 
2175930 
2176320 
1760511 
1760557 
1760599 
1760611 
1760623 
1760636 
1760648 
1760661 



full sleep Time = 188153312
real	4m 0.01s
user	0m 0.62s
sys	1m 42.94s

